 229 232 233 236 232 233 233 228 231 234 233 235 235 228 232 213
 233 231 230 233 235 233 232 233 236 236 232 233 235 231 230 211
 235 231 206 103  96  93  93  96  96  95  96 100 113 231 230 209
 237 231 187  57  64  66  65  64  64  65  64  65  72 232 230 204
 237 231 187  63  65  66  65  63  62  63  59  61  69 230 231 202
 234 233 232 229 228 229 233 228 224 227 111  58  69 233 232 203
 234 234 232 232 229 230 115  97  92  95  64  57  63 231 229 198
 233 234 232 229 228 223  59  60  58  55  55  56  66 228 229 196
 231 230 229 228 229 220  67  64  63  59  53  56  70 227 228 198
 233 229 227 228 232 231 229 229 227 226 100  56  71 232 228 191
 232 230 223 187 183 180 183 184 182 186  93  58  73 229 224 187
 231 228 174  60  54  55  56  55  56  54  59  59  74 225 228 187
 231 229 173  67  62  59  60  60  59  60  62  64  77 226 226 184
 226 231 216 166 165 164 167 168 169 167 165 162 171 230 228 206
 225 230 232 230 229 229 229 230 228 230 229 229 230 229 230 212
 231 230 232 234 228 231 232 233 232 230 231 234 232 230 231 220
 225 226 226 226 227 228 229 228 229 230 230 230 230 231 231 209
 227 226 227 227 227 228 228 227 227 229 228 228 229 230 229 208
 226 227 204 113 115 115 116 115 115 116 117 118 125 229 229 206
 226 227 185  65  65  65  65  66  64  65  65  64  76 229 229 203
 226 227 186  70  69  70  70  70  67  67  63  62  76 229 229 199
 225 226 224 224 224 225 225 226 225 225 112  60  76 227 227 194
 224 226 226 226 227 223 115 111 110 111  73  59  78 228 226 190
 224 224 226 226 226 218  59  61  59  57  57  58  80 228 225 187
 225 226 225 225 226 217  68  67  65  63  58  58  82 226 226 185
 224 226 226 225 224 226 226 225 224 224 102  59  84 228 227 184
 223 225 217 181 177 179 179 176 176 176  91  59  86 229 226 182
 223 224 169  61  61  61  61  61  59  57  59  59  89 227 226 182
 221 224 165  62  61  61  63  61  60  61  60  60  92 228 226 178
 223 224 207 173 175 177 178 178 179 177 178 177 186 227 226 198
 223 224 223 225 225 226 227 226 226 226 226 227 225 224 225 207
 224 225 223 224 224 224 225 224 223 225 224 224 224 224 224 216
 218 217 217 218 218 220 222 221 220 221 221 222 223 223 221 199
 215 216 215 215 215 216 217 216 216 217 217 216 217 216 216 195
 215 215 191 100 101 101 103 104 103 103 103 104 110 217 216 193
 216 215 173  52  58  58  58  58  55  56  56  56  66 218 216 191
 216 215 175  59  61  61  61  59  57  57  55  54  67 220 218 188
 215 216 214 213 214 215 215 214 214 215 102  52  66 220 216 184
 213 215 215 216 214 212 104 100  97  99  62  51  67 220 216 180
 216 217 217 217 216 208  49  55  54  52  51  52  70 219 216 179
 216 216 216 216 215 208  58  57  58  56  52  52  73 219 217 179
 216 216 216 217 217 217 216 215 215 213  93  51  74 219 216 177
 216 215 208 172 169 169 170 168 169 170  82  51  74 218 217 175
 215 216 161  49  51  53  53  52  51  49  52  51  76 217 215 172
 214 215 154  53  57  57  56  57  56  55  55  55  78 218 216 169
 212 213 197 161 161 163 165 165 164 160 161 162 173 215 214 193
 212 211 214 212 213 215 216 216 213 213 214 214 215 214 214 198
 213 212 215 213 214 214 214 212 211 213 214 213 215 214 213 203

 213 211 209 204 202 203 198 196 198 191 187 187 184 206 212 220
 232 230 230 230 231 232 229 229 228 228 224 228 226 228 230 231
 228 231 231 232 230 233 231 228 227 232 229 225 226 230 229 230
 235 235 113  72  69  69  63  66  70  71  73  74  77 171 230 232
 235 233 100  65  61  58  57  56  56  56  58  59  64 162 229 234
 233 232  96  64  59 111  64  55  53 100  93  59  62 165 229 231
 234 236  95  65  63 227  95  55  59 226 186  54  60 167 230 230
 231 236  96  64  62 224  92  58  63 227 182  56  59 169 228 232
 228 233  96  64  63 228  97  60  64 229 184  55  60 168 230 233
 233 232  93  65  65 233 115  59  67 229 183  56  60 167 229 232
 233 233  93  66  66 229 230 223 220 231 180  55  59 164 229 231
 232 235  96  64  65 228 229 228 229 232 183  54  62 165 229 228
 236 233 103  57  63 229 232 229 228 228 187  60  67 166 230 234
 233 230 206 187 187 232 232 232 229 227 223 174 173 216 232 232
 232 231 231 231 231 233 234 234 230 229 230 228 229 231 230 230
 229 233 235 237 237 234 234 233 231 233 232 231 231 226 225 231
 209 208 206 203 199 194 190 187 185 184 182 182 178 198 207 216
 231 229 229 229 229 227 226 225 226 227 226 226 226 226 225 224
 231 230 229 229 229 227 228 228 226 228 229 227 228 227 224 224
 230 229 125  76  76  76  78  80  82  84  86  89  92 186 225 224
 230 228 118  64  62  60  59  58  58  59  59  59  60 177 227 224
 230 228 117  65  63 112  73  57  58 102  91  59  60 178 226 224
 230 229 116  65  67 225 111  57  63 224 176  57  61 177 226 225
 229 227 115  64  67 225 110  59  65 224 176  59  60 179 226 223
 228 227 115  66  70 226 111  61  67 225 176  61  61 178 226 224
 229 228 116  65  70 225 115  59  68 226 179  61  63 178 227 225
 228 228 115  65  70 225 223 218 217 226 179  61  61 177 226 224
 227 227 115  65  69 224 227 226 226 224 177  61  61 175 225 224
 226 227 113  65  70 224 226 226 225 225 181  61  62 173 225 224
 226 227 204 185 186 224 226 226 225 226 217 169 165 207 223 223
 226 226 227 227 227 226 226 224 226 226 225 224 224 224 224 225
 225 227 226 226 226 225 224 224 225 224 223 223 221 223 223 224
 199 195 193 191 188 184 180 179 179 177 175 172 169 193 198 203
 221 216 216 216 218 216 216 216 217 216 217 215 216 214 214 213
 223 216 217 218 220 220 220 219 219 219 218 217 218 215 214 214
 223 217 110  66  67  66  67  70  73  74  74  76  78 173 215 215
 222 216 104  56  54  52  51  52  52  51  51  51  55 162 214 213
 221 217 103  56  55 102  62  51  52  93  82  52  55 161 214 214
 221 217 103  56  57 215  99  52  56 213 170  49  55 160 213 213
 220 216 103  55  57 214  97  54  58 215 169  51  56 164 213 211
 221 216 104  58  59 214 100  55  57 215 168  52  57 165 216 212
 222 217 103  58  61 215 104  49  58 216 170  53  56 165 216 214
 220 216 101  58  61 215 212 208 208 217 169  53  57 163 215 214
 218 215 101  58  61 214 214 216 215 217 169  51  57 161 213 214
 218 215 100  52  59 213 216 217 216 217 172  49  53 161 212 213
 217 215 191 173 175 214 215 217 216 216 208 161 154 197 214 215
 217 216 215 215 215 216 215 217 216 216 215 216 215 213 211 212
 218 215 215 216 216 215 213 216 216 216 216 215 214 212 212 213

 220 231 230 232 234 231 230 232 233 232 231 228 234 232 230 231
 212 230 229 230 229 229 230 228 230 229 229 229 230 232 230 225
 206 228 230 171 162 165 167 169 168 167 164 165 166 216 231 226
 184 226 226  77  64  62  60  59  60  60  59  62  67 173 229 231
 187 228 225  74  59  59  54  56  55  56  55  54  60 174 228 231
 187 224 229  73  58  93 186 182 184 183 180 183 187 223 230 232
 191 228 232  71  56 100 226 227 229 229 231 232 228 227 229 233
 198 228 227  70  56  53  59  63  64  67 220 229 228 229 230 231
 196 229 228  66  56  55  55  58  60  59 223 228 229 232 234 233
 198 229 231  63  57  64  95  92  97 115 230 229 232 232 234 234
 203 232 233  69  58 111 227 224 228 233 229 228 229 232 233 234
 202 231 230  69  61  59  63  62  63  65  66  65  63 187 231 237
 204 230 232  72  65  64  65  64  64  65  66  64  57 187 231 237
 209 230 231 113 100  96  95  96  96  93  93  96 103 206 231 235
 211 230 231 235 233 232 236 236 233 232 233 235 233 230 231 233
 213 232 228 235 235 233 234 231 228 233 233 232 236 233 232 229
 216 224 224 224 224 224 225 223 224 225 224 224 224 223 225 224
 207 225 224 225 227 226 226 226 226 227 226 225 225 223 224 223
 198 226 227 186 177 178 177 179 178 178 177 175 173 207 224 223
 178 226 228  92  60  60  61  60  61  63  61  61  62 165 224 221
 182 226 227  89  59  59  57  59  61  61  61  61  61 169 224 223
 182 226 229  86  59  91 176 176 176 179 179 177 181 217 225 223
 184 227 228  84  59 102 224 224 225 226 226 224 225 226 226 224
 185 226 226  82  58  58  63  65  67  68 217 226 225 225 226 225
 187 225 228  80  58  57  57  59  61  59 218 226 226 226 224 224
 190 226 228  78  59  73 111 110 111 115 223 227 226 226 226 224
 194 227 227  76  60 112 225 225 226 225 225 224 224 224 226 225
 199 229 229  76  62  63  67  67  70  70  70  69  70 186 227 226
 203 229 229  76  64  65  65  64  66  65  65  65  65 185 227 226
 206 229 229 125 118 117 116 115 115 116 115 115 113 204 227 226
 208 229 230 229 228 228 229 227 227 228 228 227 227 227 226 227
 209 231 231 230 230 230 230 229 228 229 228 227 226 226 226 225
 203 213 214 215 213 214 213 211 212 214 214 214 213 215 212 213
 198 214 214 215 214 214 213 213 216 216 215 213 212 214 211 212
 193 214 215 173 162 161 160 164 165 165 163 161 161 197 213 212
 169 216 218  78  55  55  55  56  57  56  57  57  53 154 215 214
 172 215 217  76  51  52  49  51  52  53  53  51  49 161 216 215
 175 217 218  74  51  82 170 169 168 170 169 169 172 208 215 216
 177 216 219  74  51  93 213 215 215 216 217 217 217 216 216 216
 179 217 219  73  52  52  56  58  57  58 208 215 216 216 216 216
 179 216 219  70  52  51  52  54  55  49 208 216 217 217 217 216
 180 216 220  67  51  62  99  97 100 104 212 214 216 215 215 213
 184 216 220  66  52 102 215 214 214 215 215 214 213 214 216 215
 188 218 220  67  54  55  57  57  59  61  61  61  59 175 215 216
 191 216 218  66  56  56  56  55  58  58  58  58  52 173 215 216
 193 216 217 110 104 103 103 103 104 103 101 101 100 191 215 215
 195 216 216 217 216 217 217 216 216 217 216 215 215 215 216 215
 199 221 223 223 222 221 221 220 221 222 220 218 218 217 217 218

 231 225 226 231 231 232 233 231 233 234 234 237 237 235 233 229
 230 230 231 229 228 230 229 230 234 234 233 231 231 231 231 232
 232 232 216 173 174 223 227 229 232 232 232 187 187 206 230 233
 234 230 166  67  60 187 228 228 229 232 229  63  57 103 233 236
 228 229 165  62  54 183 232 229 228 229 228  65  64  96 235 232
 231 229 164  59  55 180 231 220 223 230 229  66  66  93 233 233
 232 229 167  60  56 183 229  67  59 115 233  65  65  93 232 233
 233 230 168  60  55 184 229  64  60  97 228  63  64  96 233 228
 232 228 169  59  56 182 227  63  58  92 224  62  64  96 236 231
 230 230 167  60  54 186 226  59  55  95 227  63  65  95 236 234
 231 229 165  62  59  93 100  53  55  64 111  59  64  96 232 233
 234 229 162  64  59  58  56  56  56  57  58  61  65 100 233 235
 232 230 171  77  74  73  71  70  66  63  69  69  72 113 235 235
 230 229 230 226 225 229 232 227 228 231 233 230 232 231 231 228
 231 230 228 226 228 224 228 228 229 229 232 231 230 230 230 232
 220 212 206 184 187 187 191 198 196 198 203 202 204 209 211 213
 224 223 223 221 223 223 224 225 224 224 225 226 226 226 227 225
 225 224 224 224 224 225 226 226 224 226 226 227 227 227 226 226
 223 223 207 165 169 217 226 225 226 226 224 186 185 204 227 226
 224 225 173  62  61 181 225 225 226 226 224  70  65 113 227 226
 224 225 175  61  61 177 224 226 226 227 224  69  65 115 227 227
 224 226 177  61  61 179 226 217 218 223 225  70  65 115 228 228
 225 227 178  63  61 179 226  68  59 115 225  70  65 116 228 229
 224 226 178  61  61 176 225  67  61 111 226  70  66 115 227 228
 223 226 179  60  59 176 224  65  59 110 225  67  64 115 227 229
 225 226 177  61  57 176 224  63  57 111 225  67  65 116 229 230
 224 226 178  60  59  91 102  58  57  73 112  63  65 117 228 230
 224 227 177  60  59  59  59  58  58  59  60  62  64 118 228 230
 224 225 186  92  89  86  84  82  80  78  76  76  76 125 229 230
 224 224 227 228 227 229 228 226 228 228 227 229 229 229 230 231
 224 225 226 226 226 226 227 226 225 226 227 229 229 229 229 231
 216 207 198 178 182 182 184 185 187 190 194 199 203 206 208 209
 213 212 212 214 215 216 216 216 216 213 215 216 216 215 215 218
 212 211 213 215 216 215 216 216 217 215 216 215 215 215 216 217
 215 214 197 154 161 208 216 216 217 215 214 175 173 191 215 217
 213 212 161  53  49 172 217 216 217 216 213  59  52 100 215 218
 214 213 161  57  51 169 217 215 216 214 214  61  58 101 215 218
 214 215 163  57  53 169 217 208 208 212 215  61  58 101 216 220
 214 216 165  56  53 170 216  58  49 104 215  61  58 103 217 222
 212 216 165  57  52 168 215  57  55 100 214  59  58 104 216 221
 211 213 164  56  51 169 215  58  54  97 214  57  55 103 216 220
 213 213 160  55  49 170 213  56  52  99 215  57  56 103 217 221
 214 214 161  55  52  82  93  52  51  62 102  55  56 103 217 221
 213 214 162  55  51  51  51  52  52  51  52  54  56 104 216 222
 215 215 173  78  76  74  74  73  70  67  66  67  66 110 217 223
 214 214 215 218 217 218 219 219 219 220 220 220 218 217 216 223
 213 214 214 216 215 217 216 217 216 216 216 218 216 216 216 221
 203 198 193 169 172 175 177 179 179 180 184 188 191 193 195 199

