 149 173 167 175 180 176 170 162 178 185 185 176 161 170 172 164
 166 193 194 194 190 193 189 188 188 187 190 190 188 185 188 182
 152 196 193 169 103  95  95  96 101 108 178 192 193 191 191 187
 153 194 196 131  18  14  15  16  16  23 166 194 192 189 189 182
 154 195 197 129  19  30  25  15  16  19 168 196 193 189 188 182
 157 197 199 189 175 167 130  15  15  20 173 198 194 195 190 182
 162 198 197 194 193 192 156  16  16  23 178 200 200 198 191 179
 161 196 198 197 198 193 149  15  15  26 179 192 193 192 189 180
 165 195 197 197 200 195 149  27  14  27 169 192 193 191 189 188
 167 195 197 198 180 178 132  22  12  24 144 177 181 192 194 189
 173 198 196 132  42  29  17  14  11  15  21  24  35 180 196 193
 179 202 198 111  16  14  12  11  10  12  12  15  23 182 199 193
 190 204 198 119  14  13  12  12  12  13  12  12  25 189 202 194
 197 206 206 138  52  38  31  30  39  45  35  30  49 171 202 187
 196 203 204 201 190 204 199 197 192 189 191 187 185 196 198 183
 171 195 210 207 196 203 205 205 185 188 193 192 190 183 188 173
 138 147 143 150 152 150 146 140 148 150 148 144 140 148 148 140
 146 159 158 159 158 157 157 157 157 156 157 156 157 157 156 150
 133 160 158 136  81  76  82  86  81  87 149 159 156 155 158 151
 133 159 160 102  19  17  17  17  17  24 142 160 157 157 158 151
 134 159 160 105  23  33  30  17  17  21 143 159 157 158 157 149
 136 160 161 157 146 142 114  16  16  22 144 156 156 157 156 149
 138 160 161 161 159 157 125  18  17  24 147 156 157 155 156 147
 140 159 160 161 161 159 124  17  16  26 149 158 159 158 157 150
 143 162 162 162 161 158 120  22  17  27 146 159 160 159 157 154
 144 161 161 160 138 138 103  19  15  26 128 149 153 160 161 153
 148 163 161 101  32  26  20  16  16  18  20  22  31 151 164 160
 155 167 163  88  17  17  16  16  15  16  16  16  25 151 167 160
 160 167 165  93  18  16  15  16  16  17  17  17  29 158 166 160
 165 173 170 114  52  43  35  34  42  47  38  33  53 148 167 157
 165 170 169 167 159 169 168 166 162 163 168 164 162 166 165 151
 148 161 166 167 155 162 169 169 157 157 159 161 157 150 155 144
 121 120 115 121 125 122 118 115 120 122 120 116 113 123 125 120
 121 125 123 121 123 121 120 123 122 122 123 123 124 123 122 119
 107 127 124 104  54  51  60  66  65  60 119 126 124 124 120 117
 106 124 121  77   8  11  13  13  13  12 115 123 122 122 122 115
 107 125 125  78  11  24  20  12  13  12 115 123 123 123 121 116
 109 125 122 122 116 117  91  11  13  14 118 127 125 125 124 118
 112 125 124 124 126 125 100  11  13  16 121 126 125 125 125 115
 113 127 125 125 125 124  97   9  12  15 122 121 122 123 122 114
 115 124 125 124 124 124  93  13  12  17 121 124 125 125 123 124
 116 126 126 125 108 106  77  10  12  16 106 118 123 125 126 127
 121 128 127  70  15  14  10  11  11  12  11  13  21 125 129 127
 131 131 132  62  11  12  11  11  10  12  11  13  19 126 133 129
 137 134 132  70  11  13  12  12  12  13  13  13  22 130 136 132
 143 138 134  85  37  32  23  25  33  36  28  23  38 121 135 128
 141 135 134 134 130 136 135 136 133 134 138 133 134 134 133 123
 122 130 134 135 121 127 133 134 126 127 128 128 130 120 121 113

 164 182 187 182 182 182 179 180 188 189 193 193 194 187 183 173
 172 188 191 189 188 190 191 189 189 194 196 199 202 202 198 188
 170 185 191 189 189 195 198 192 191 192 180 182 189 171 196 183
 161 188 193 192 193 194 200 193 193 181  35  23  25  49 185 190
 176 190 192 194 196 198 200 192 192 177  24  15  12  30 187 192
 185 190 178 166 168 173 178 179 169 144  21  12  12  35 191 193
 185 187 108  23  19  20  23  26  27  24  15  12  13  45 189 188
 178 188 101  16  16  15  16  15  14  12  11  10  12  39 192 185
 162 188  96  16  15  15  16  15  27  22  14  11  12  30 197 205
 170 189  95  15  25 130 156 149 149 132  17  12  12  31 199 205
 176 193  95  14  30 167 192 193 195 178  29  14  13  38 204 203
 180 190 103  18  19 175 193 198 200 180  42  16  14  52 190 196
 175 194 169 131 129 189 194 197 197 198 132 111 119 138 201 207
 167 194 193 196 197 199 197 198 197 197 196 198 198 206 204 210
 173 193 196 194 195 197 198 196 195 195 198 202 204 206 203 195
 149 166 152 153 154 157 162 161 165 167 173 179 190 197 196 171
 140 150 151 151 149 149 147 150 154 153 160 160 160 157 151 144
 148 156 158 158 157 156 156 157 157 161 164 167 166 167 165 155
 148 157 155 157 158 157 155 158 159 160 151 151 158 148 166 150
 140 157 156 157 157 156 157 159 160 153  31  25  29  53 162 157
 144 156 159 160 159 156 156 158 159 149  22  16  17  33 164 161
 148 157 149 142 143 144 147 149 146 128  20  16  17  38 168 159
 150 156  87  24  21  22  24  26  27  26  18  16  17  47 163 157
 148 157  81  17  17  16  17  16  17  15  16  15  16  42 162 157
 140 157  86  17  17  16  18  17  22  19  16  16  16  34 166 169
 146 157  82  17  30 114 125 124 120 103  20  16  15  35 168 169
 150 157  76  17  33 142 157 159 158 138  26  17  16  43 169 162
 152 158  81  19  23 146 159 161 161 138  32  17  18  52 159 155
 150 159 136 102 105 157 161 161 162 160 101  88  93 114 167 167
 143 158 158 160 160 161 161 160 162 161 161 163 165 170 169 166
 147 159 160 159 159 160 160 159 162 161 163 167 167 173 170 161
 138 146 133 133 134 136 138 140 143 144 148 155 160 165 165 148
 120 119 117 115 116 118 115 114 124 127 127 129 132 128 123 113
 125 122 120 122 121 124 125 122 123 126 129 133 136 135 133 121
 123 123 124 122 123 125 125 123 125 125 125 126 130 121 134 120
 113 124 124 122 123 125 125 122 125 123  21  19  22  38 134 130
 116 123 126 123 123 127 126 121 124 118  13  13  13  23 133 128
 120 123 119 115 115 118 121 122 121 106  11  11  13  28 138 128
 122 122  60  12  12  14  16  15  17  16  12  12  13  36 134 127
 120 122  65  13  13  13  13  12  12  12  11  10  12  33 133 126
 115 123  66  13  12  11  11   9  13  10  11  11  12  25 136 134
 118 120  60  13  20  91 100  97  93  77  10  11  12  23 135 133
 122 121  51  11  24 117 125 124 124 106  14  12  13  32 136 127
 125 123  54   8  11 116 126 125 124 108  15  11  11  37 130 121
 121 121 104  77  78 122 124 125 124 125  70  62  70  85 134 135
 115 123 124 121 125 122 124 125 125 126 127 132 132 134 134 134
 120 125 127 124 125 125 125 127 124 126 128 131 134 138 135 130
 121 121 107 106 107 109 112 113 115 116 121 131 137 143 141 122

 173 188 183 190 192 193 188 185 205 205 203 196 207 210 195 171
 183 198 196 185 187 191 189 192 197 199 204 190 201 204 203 196
 187 202 171  49  30  35  45  39  30  31  38  52 138 206 206 197
 194 202 189  25  12  12  13  12  12  12  13  14 119 198 204 190
 193 199 182  23  15  12  12  10  11  12  14  16 111 198 202 179
 193 196 180  35  24  21  15  11  14  17  29  42 132 196 198 173
 189 194 192 181 177 144  24  12  22 132 178 180 198 197 195 167
 188 189 191 193 192 169  27  14  27 149 195 200 197 197 195 165
 180 189 192 193 192 179  26  15  15 149 193 198 197 198 196 161
 179 191 198 200 200 178  23  16  16 156 192 193 194 197 198 162
 182 190 195 194 198 173  20  15  15 130 167 175 189 199 197 157
 182 188 189 193 196 168  19  16  15  25  30  19 129 197 195 154
 182 189 189 192 194 166  23  16  16  15  14  18 131 196 194 153
 187 191 191 193 192 178 108 101  96  95  95 103 169 193 196 152
 182 188 185 188 190 190 187 188 188 189 193 190 194 194 193 166
 164 172 170 161 176 185 185 178 162 170 176 180 175 167 173 149
 144 155 150 157 161 159 157 157 169 169 162 155 167 166 161 148
 151 165 166 162 164 168 163 162 166 168 169 159 167 169 170 165
 157 167 148  53  33  38  47  42  34  35  43  52 114 170 173 165
 160 166 158  29  17  17  17  16  16  15  16  18  93 165 167 160
 160 167 151  25  16  16  16  15  16  16  17  17  88 163 167 155
 160 164 151  31  22  20  18  16  16  20  26  32 101 161 163 148
 153 161 160 153 149 128  26  15  19 103 138 138 160 161 161 144
 154 157 159 160 159 146  27  17  22 120 158 161 162 162 162 143
 150 157 158 159 158 149  26  16  17 124 159 161 161 160 159 140
 147 156 155 157 156 147  24  17  18 125 157 159 161 161 160 138
 149 156 157 156 156 144  22  16  16 114 142 146 157 161 160 136
 149 157 158 157 159 143  21  17  17  30  33  23 105 160 159 134
 151 158 157 157 160 142  24  17  17  17  17  19 102 160 159 133
 151 158 155 156 159 149  87  81  86  82  76  81 136 158 160 133
 150 156 157 157 156 157 156 157 157 157 157 158 159 158 159 146
 140 148 148 140 144 148 150 148 140 146 150 152 150 143 147 138
 113 121 120 130 128 128 127 126 134 133 127 121 135 134 130 122
 123 133 134 134 133 138 134 133 136 135 136 130 134 134 135 141
 128 135 121  38  23  28  36  33  25  23  32  37  85 134 138 143
 132 136 130  22  13  13  13  12  12  12  13  11  70 132 134 137
 129 133 126  19  13  11  12  10  11  11  12  11  62 132 131 131
 127 129 125  21  13  11  12  11  11  10  14  15  70 127 128 121
 127 126 125 123 118 106  16  12  10  77 106 108 125 126 126 116
 124 123 125 125 124 121  17  12  13  93 124 124 124 125 124 115
 114 122 123 122 121 122  15  12   9  97 124 125 125 125 127 113
 115 125 125 125 126 121  16  13  11 100 125 126 124 124 125 112
 118 124 125 125 127 118  14  13  11  91 117 116 122 122 125 109
 116 121 123 123 123 115  12  13  12  20  24  11  78 125 125 107
 115 122 122 122 123 115  12  13  13  13  11   8  77 121 124 106
 117 120 124 124 126 119  60  65  66  60  51  54 104 124 127 107
 119 122 123 124 123 123 122 122 123 120 121 123 121 123 125 121
 120 125 123 113 116 120 122 120 115 118 122 125 121 115 120 121

 171 196 197 190 179 173 167 165 161 162 157 154 153 152 166 149
 195 203 206 204 202 198 195 195 196 198 197 195 194 196 193 173
 210 204 206 198 198 196 197 197 198 197 199 197 196 193 194 167
 207 201 138 119 111 132 198 197 197 194 189 129 131 169 194 175
 196 190  52  14  16  42 180 200 198 193 175  19  18 103 190 180
 203 204  38  13  14  29 178 195 193 192 167  30  14  95 193 176
 205 199  31  12  12  17 132 149 149 156 130  25  15  95 189 170
 205 197  30  12  11  14  22  27  15  16  15  15  16  96 188 162
 185 192  39  12  10  11  12  14  15  16  15  16  16 101 188 178
 188 189  45  13  12  15  24  27  26  23  20  19  23 108 187 185
 193 191  35  12  12  21 144 169 179 178 173 168 166 178 190 185
 192 187  30  12  15  24 177 192 192 200 198 196 194 192 190 176
 190 185  49  25  23  35 181 193 193 200 194 193 192 193 188 161
 183 196 171 189 182 180 192 191 192 198 195 189 189 191 185 170
 188 198 202 202 199 196 194 189 189 191 190 188 189 191 188 172
 173 183 187 194 193 193 189 188 180 179 182 182 182 187 182 164
 148 165 165 160 155 148 144 143 140 138 136 134 133 133 146 138
 161 170 173 167 167 163 161 162 159 160 160 159 159 160 159 147
 166 169 170 165 163 161 161 162 160 161 161 160 160 158 158 143
 167 167 114  93  88 101 160 162 161 161 157 105 102 136 159 150
 155 159  52  18  17  32 138 161 161 159 146  23  19  81 158 152
 162 169  43  16  17  26 138 158 159 157 142  33  17  76 157 150
 169 168  35  15  16  20 103 120 124 125 114  30  17  82 157 146
 169 166  34  16  16  16  19  22  17  18  16  17  17  86 157 140
 157 162  42  16  15  16  15  17  16  17  16  17  17  81 157 148
 157 163  47  17  16  18  26  27  26  24  22  21  24  87 156 150
 159 168  38  17  16  20 128 146 149 147 144 143 142 149 157 148
 161 164  33  17  16  22 149 159 158 156 156 159 160 159 156 144
 157 162  53  29  25  31 153 160 159 157 156 157 157 156 157 140
 150 166 148 158 151 151 160 159 158 155 157 158 157 155 157 148
 155 165 167 166 167 164 161 157 157 156 156 157 158 158 156 148
 144 151 157 160 160 160 153 154 150 147 149 149 151 151 150 140
 122 141 143 137 131 121 116 115 113 112 109 107 106 107 121 121
 130 135 138 134 131 128 126 124 127 125 125 125 124 127 125 120
 134 134 134 132 132 127 126 125 125 124 122 125 121 124 123 115
 135 134  85  70  62  70 125 124 125 124 122  78  77 104 121 121
 121 130  37  11  11  15 108 124 125 126 116  11   8  54 123 125
 127 136  32  13  12  14 106 124 124 125 117  24  11  51 121 122
 133 135  23  12  11  10  77  93  97 100  91  20  13  60 120 118
 134 136  25  12  11  11  10  13   9  11  11  12  13  66 123 115
 126 133  33  12  10  11  12  12  12  13  13  13  13  65 122 120
 127 134  36  13  12  12  16  17  15  16  14  12  12  60 122 122
 128 138  28  13  11  11 106 121 122 121 118 115 115 119 123 120
 128 133  23  13  13  13 118 124 121 126 127 123 123 126 123 116
 130 134  38  22  19  21 123 125 122 125 125 123 122 124 124 113
 120 134 121 130 126 125 125 125 123 125 125 123 122 124 123 123
 121 133 135 136 133 129 126 123 122 125 124 121 122 120 122 125
 113 123 128 132 129 127 127 124 114 115 118 116 115 117 119 120

