 168 195 196 195 191 185 176 164 184 169 182 174 173 169 162 115
 202 208 216 215 210 212 206 189 155 158 168 173 204 218 217 132
 202 211 214 214 207 197 122  66  39  44  37  42  69 206 212 132
 203 215 215 216 210 149  38  50  94 138 130 104  36 118 207 136
 201 213 217 215 218 187  50  61 206 215 210 192  50  69 208 139
 206 214 215 200 200 203 108  55 177 219 215 209 102  37 187 126
 206 197 183 124  65 193 168  53 104 206 210 211 146  28 165 126
 201 153  70  35  53 195 206 109  50 194 214 216 173  29 164 132
 202 170  83 124 193 210 212 154  33 106 211 220 179  34 155 130
 209 206 212 203 209 206 210 194  87  35 185 217 168  28 160 132
 205 208 210 205 201 196 207 212 165  32 136 205 163  30 159 134
 201 197 166 158 143  99 132 213 203  55  42 166  70  49 171 133
 197 142  57  35  33  37 116 215 206 121  31  34  32 136 205 140
 191 172  94 122 142 167 202 218 212 142  46 102 165 206 213 144
 185 205 199 195 206 204 202 209 204 197 179 210 209 207 215 135
 131 150 156 159 169 157 164 145 150 160 170 181 173 186 174 127
 155 184 180 177 177 166 159 158 170 158 168 159 153 149 151 116
 186 193 193 194 196 194 190 191 155 157 164 172 189 193 193 138
 184 190 193 195 195 193 127  79  47  46  39  43  69 188 192 143
 182 188 194 195 194 153  46  54  87 127 120 101  38 107 194 146
 181 190 194 194 193 185  54  63 188 190 191 181  53  65 194 147
 181 192 193 194 194 195 109  58 165 190 194 193 102  37 170 133
 188 190 180 135  70 177 161  56  97 189 195 198 147  34 155 139
 189 155  76  39  49 174 191 109  50 186 194 195 173  38 153 143
 186 163  74 114 175 192 187 148  36 108 194 192 180  40 140 136
 185 186 181 189 191 194 190 186  89  38 168 192 167  32 141 137
 187 191 187 191 190 192 193 189 156  38 128 190 171  33 137 135
 184 190 168 161 149 106 124 186 191  60  42 170  89  46 153 135
 179 139  62  39  38  35 100 188 191 123  35  42  34 116 187 138
 177 158  85 112 124 148 184 188 191 140  42  93 145 184 191 141
 175 187 185 189 186 186 189 187 189 190 159 187 189 191 194 143
 137 151 156 164 168 160 165 147 158 163 167 179 178 187 170 141
 147 175 176 172 171 161 159 156 167 154 160 151 147 144 144 116
 179 186 193 189 191 190 194 190 151 154 156 165 178 186 188 142
 180 190 192 192 194 196 133  79  45  45  38  42  67 181 196 148
 179 192 193 193 195 157  48  50  80 120 114  98  37  99 195 152
 177 190 190 196 193 181  54  57 176 180 184 180  52  60 187 155
 175 186 193 194 191 188 109  57 154 185 193 190 104  35 158 138
 176 187 183 135  69 173 163  56  92 185 189 185 151  31 140 142
 180 156  76  37  43 170 191 109  47 178 191 190 177  35 139 147
 180 163  70 109 167 184 187 148  36 101 191 195 182  38 130 139
 179 185 176 184 189 188 188 185  91  35 164 194 171  33 128 137
 183 189 187 190 189 190 187 187 156  36 125 188 177  32 125 137
 180 185 168 159 148 106 116 184 189  60  41 168  91  41 143 139
 174 138  62  37  37  31  92 186 186 126  32  40  31 107 183 144
 169 154  80 106 117 141 178 188 185 138  38  86 135 176 191 146
 163 181 180 179 176 181 187 187 185 183 153 175 183 190 188 145
 128 150 154 161 165 158 162 145 157 159 166 175 176 186 165 143

 115 132 132 136 139 126 126 132 130 132 134 133 140 144 135 127
 162 217 212 207 208 187 165 164 155 160 159 171 205 213 215 174
 169 218 206 118  69  37  28  29  34  28  30  49 136 206 207 186
 173 204  69  36  50 102 146 173 179 168 163  70  32 165 209 173
 174 173  42 104 192 209 211 216 220 217 205 166  34 102 210 181
 182 168  37 130 210 215 210 214 211 185 136  42  31  46 179 170
 169 158  44 138 215 219 206 194 106  35  32  55 121 142 197 160
 184 155  39  94 206 177 104  50  33  87 165 203 206 212 204 150
 164 189  66  50  61  55  53 109 154 194 212 213 215 218 209 145
 176 206 122  38  50 108 168 206 212 210 207 132 116 202 202 164
 185 212 197 149 187 203 193 195 210 206 196  99  37 167 204 157
 191 210 207 210 218 200  65  53 193 209 201 143  33 142 206 169
 195 215 214 216 215 200 124  35 124 203 205 158  35 122 195 159
 196 216 214 215 217 215 183  70  83 212 210 166  57  94 199 156
 195 208 211 215 213 214 197 153 170 206 208 197 142 172 205 150
 168 202 202 203 201 206 206 201 202 209 205 201 197 191 185 131
 116 138 143 146 147 133 139 143 136 137 135 135 138 141 143 141
 151 193 192 194 194 170 155 153 140 141 137 153 187 191 194 170
 149 193 188 107  65  37  34  38  40  32  33  46 116 184 191 187
 153 189  69  38  53 102 147 173 180 167 171  89  34 145 189 178
 159 172  43 101 181 193 198 195 192 192 190 170  42  93 187 179
 168 164  39 120 191 194 195 194 194 168 128  42  35  42 159 167
 158 157  46 127 190 190 189 186 108  38  38  60 123 140 190 163
 170 155  47  87 188 165  97  50  36  89 156 191 191 191 189 158
 158 191  79  54  63  58  56 109 148 186 189 186 188 188 187 147
 159 190 127  46  54 109 161 191 187 190 193 124 100 184 189 165
 166 194 193 153 185 195 177 174 192 194 192 106  35 148 186 160
 177 196 195 194 193 194  70  49 175 191 190 149  38 124 186 168
 177 194 195 195 194 194 135  39 114 189 191 161  39 112 189 164
 180 193 193 194 194 193 180  76  74 181 187 168  62  85 185 156
 184 193 190 188 190 192 190 155 163 186 191 190 139 158 187 151
 155 186 184 182 181 181 188 189 186 185 187 184 179 177 175 137
 116 142 148 152 155 138 142 147 139 137 137 139 144 146 145 143
 144 188 196 195 187 158 140 139 130 128 125 143 183 191 188 165
 144 186 181  99  60  35  31  35  38  33  32  41 107 176 190 186
 147 178  67  37  52 104 151 177 182 171 177  91  31 135 183 176
 151 165  42  98 180 190 185 190 195 194 188 168  40  86 175 175
 160 156  38 114 184 193 189 191 191 164 125  41  32  38 153 166
 154 154  45 120 180 185 185 178 101  35  36  60 126 138 183 159
 167 151  45  80 176 154  92  47  36  91 156 189 186 185 185 157
 156 190  79  50  57  57  56 109 148 185 187 184 186 188 187 145
 159 194 133  48  54 109 163 191 187 188 187 116  92 178 187 162
 161 190 196 157 181 188 173 170 184 188 190 106  31 141 181 158
 171 191 194 195 193 191  69  43 167 189 189 148  37 117 176 165
 172 189 192 193 196 194 135  37 109 184 190 159  37 106 179 161
 176 193 192 193 190 193 183  76  70 176 187 168  62  80 180 154
 175 186 190 192 190 186 187 156 163 185 189 185 138 154 181 150
 147 179 180 179 177 175 176 180 180 179 183 180 174 169 163 128

 127 174 186 173 181 170 160 150 145 164 157 169 159 156 150 131
 135 215 207 209 210 179 197 204 209 202 204 206 195 199 205 185
 144 213 206 165 102  46 142 212 218 202 167 142 122  94 172 191
 140 205 136  32  34  31 121 206 215 116  37  33  35  57 142 197
 133 171  49  70 166  42  55 203 213 132  99 143 158 166 197 201
 134 159  30 163 205 136  32 165 212 207 196 201 205 210 208 205
 132 160  28 168 217 185  35  87 194 210 206 209 203 212 206 209
 130 155  34 179 220 211 106  33 154 212 210 193 124  83 170 202
 132 164  29 173 216 214 194  50 109 206 195  53  35  70 153 201
 126 165  28 146 211 210 206 104  53 168 193  65 124 183 197 206
 126 187  37 102 209 215 219 177  55 108 203 200 200 215 214 206
 139 208  69  50 192 210 215 206  61  50 187 218 215 217 213 201
 136 207 118  36 104 130 138  94  50  38 149 210 216 215 215 203
 132 212 206  69  42  37  44  39  66 122 197 207 214 214 211 202
 132 217 218 204 173 168 158 155 189 206 212 210 215 216 208 202
 115 162 169 173 174 182 169 184 164 176 185 191 195 196 195 168
 141 170 187 178 179 167 163 158 147 165 160 168 164 156 151 137
 143 194 191 189 187 159 190 189 187 189 186 186 189 185 187 175
 141 191 184 145  93  42 140 191 188 184 148 124 112  85 158 177
 138 187 116  34  42  35 123 191 188 100  35  38  39  62 139 179
 135 153  46  89 170  42  60 191 186 124 106 149 161 168 190 184
 135 137  33 171 190 128  38 156 189 193 192 190 191 187 191 187
 137 141  32 167 192 168  38  89 186 190 194 191 189 181 186 185
 136 140  40 180 192 194 108  36 148 187 192 175 114  74 163 186
 143 153  38 173 195 194 186  50 109 191 174  49  39  76 155 189
 139 155  34 147 198 195 189  97  56 161 177  70 135 180 190 188
 133 170  37 102 193 194 190 165  58 109 195 194 194 193 192 181
 147 194  65  53 181 191 190 188  63  54 185 193 194 194 190 181
 146 194 107  38 101 120 127  87  54  46 153 194 195 194 188 182
 143 192 188  69  43  39  46  47  79 127 193 195 195 193 190 184
 138 193 193 189 172 164 157 155 191 190 194 196 194 193 193 186
 116 151 149 153 159 168 158 170 158 159 166 177 177 180 184 155
 143 165 186 176 175 166 159 157 145 162 158 165 161 154 150 128
 145 188 190 183 175 153 183 185 187 187 181 176 179 180 181 163
 146 191 176 135  86  38 138 185 188 178 141 117 106  80 154 169
 144 183 107  31  40  32 126 186 186  92  31  37  37  62 138 174
 139 143  41  91 168  41  60 189 184 116 106 148 159 168 185 180
 137 125  32 177 188 125  36 156 187 187 190 189 190 187 189 183
 137 128  33 171 194 164  35  91 185 188 188 189 184 176 185 179
 139 130  38 182 195 191 101  36 148 187 184 167 109  70 163 180
 147 139  35 177 190 191 178  47 109 191 170  43  37  76 156 180
 142 140  31 151 185 189 185  92  56 163 173  69 135 183 187 176
 138 158  35 104 190 193 185 154  57 109 188 191 194 193 186 175
 155 187  60  52 180 184 180 176  57  54 181 193 196 190 190 177
 152 195  99  37  98 114 120  80  50  48 157 195 193 193 192 179
 148 196 181  67  42  38  45  45  79 133 196 194 192 192 190 180
 142 188 186 178 165 156 154 151 190 194 190 191 189 193 186 179
 116 144 144 147 151 160 154 167 156 159 161 171 172 176 175 147

 131 185 191 197 201 205 209 202 201 206 206 201 203 202 202 168
 150 205 172 142 197 208 206 170 153 197 214 213 215 211 208 195
 156 199  94  57 166 210 212  83  70 183 215 217 215 214 216 196
 159 195 122  35 158 205 203 124  35 124 200 215 216 214 215 195
 169 206 142  33 143 201 209 193  53  65 200 218 210 207 210 191
 157 204 167  37  99 196 206 210 195 193 203 187 149 197 212 185
 164 202 202 116 132 207 210 212 206 168 108  50  38 122 206 176
 145 209 218 215 213 212 194 154 109  53  55  61  50  66 189 164
 150 204 212 206 203 165  87  33  50 104 177 206  94  39 155 184
 160 197 142 121  55  32  35 106 194 206 219 215 138  44 158 169
 170 179  46  31  42 136 185 211 214 210 215 210 130  37 168 182
 181 210 102  34 166 205 217 220 216 211 209 192 104  42 173 174
 173 209 165  32  70 163 168 179 173 146 102  50  36  69 204 173
 186 207 206 136  49  30  28  34  29  28  37  69 118 206 218 169
 174 215 213 205 171 159 160 155 164 165 187 208 207 212 217 162
 127 135 144 140 133 134 132 130 132 126 126 139 136 132 132 115
 137 175 177 179 184 187 185 186 189 188 181 181 182 184 186 155
 151 187 158 139 190 191 186 163 155 190 192 190 188 190 193 184
 156 185  85  62 168 187 181  74  76 180 193 194 194 193 193 180
 164 189 112  39 161 191 189 114  39 135 194 194 195 195 194 177
 168 186 124  38 149 190 191 175  49  70 194 193 194 195 196 177
 160 186 148  35 106 192 194 192 174 177 195 185 153 193 194 166
 165 189 184 100 124 193 190 187 191 161 109  54  46 127 190 159
 147 187 188 188 186 189 186 148 109  56  58  63  54  79 191 158
 158 189 191 191 191 156  89  36  50  97 165 188  87  47 155 170
 163 190 140 123  60  38  38 108 186 189 190 190 127  46 157 158
 167 159  42  35  42 128 168 194 194 195 194 191 120  39 164 168
 179 187  93  42 170 190 192 192 195 198 193 181 101  43 172 159
 178 189 145  34  89 171 167 180 173 147 102  53  38  69 189 153
 187 191 184 116  46  33  32  40  38  34  37  65 107 188 193 149
 170 194 191 187 153 137 141 140 153 155 170 194 194 192 193 151
 141 143 141 138 135 135 137 136 143 139 133 147 146 143 138 116
 128 163 169 174 180 183 179 180 180 176 175 177 179 180 179 147
 150 181 154 138 185 189 185 163 156 187 186 190 192 190 186 175
 154 180  80  62 168 187 176  70  76 183 193 190 193 192 193 176
 161 179 106  37 159 190 184 109  37 135 194 196 193 192 189 172
 165 176 117  37 148 189 189 167  43  69 191 193 195 194 191 171
 158 181 141  31 106 190 188 184 170 173 188 181 157 196 190 161
 162 187 178  92 116 187 188 187 191 163 109  54  48 133 194 159
 145 187 188 186 184 187 185 148 109  56  57  57  50  79 190 156
 157 185 185 186 189 156  91  36  47  92 154 176  80  45 151 167
 159 183 138 126  60  36  35 101 178 185 185 180 120  45 154 154
 166 153  38  32  41 125 164 191 191 189 193 184 114  38 156 160
 175 175  86  40 168 188 194 195 190 185 190 180  98  42 165 151
 176 183 135  31  91 177 171 182 177 151 104  52  37  67 178 147
 186 190 176 107  41  32  33  38  35  31  35  60  99 181 186 144
 165 188 191 183 143 125 128 130 139 140 158 187 195 196 188 144
 143 145 146 144 139 137 137 139 147 142 138 155 152 148 142 116

