 236 241 242 242 242 242 242 243 243 242 243 243 241 240 241 240
 239 243 244 244 243 243 243 243 242 244 244 243 243 242 241 241
 241 243 203 175 177 173 175 172 175 173 174 167 172 186 242 242
 244 241  97  55  56  58  54  56  57  54  54  52  52  88 241 242
 242 241 126  86  89  83  90  87  89  88  90  83  50  89 242 242
 242 243 243 242 242 243 243 242 244 244 242 228  48  92 245 243
 242 242 219 205 210 207 207 208 210 201 204 189  51  95 245 244
 244 240  98  51  52  55  56  54  55  55  54  52  53  98 244 244
 243 243  92  52  50  50  53  50  54  53  56  55  53  99 245 245
 246 244  95  50 211 232 233 231 234 235 233 237 236 240 248 246
 246 243  95  50 171 187 184 186 184 185 185 181 182 193 244 245
 246 246  96  52  52  51  51  52  53  53  52  53  54  73 243 246
 248 247 113  63  68  71  69  69  74  72  74  75  72  98 246 247
 248 247 247 246 246 244 246 244 244 245 245 244 245 247 248 247
 249 249 249 248 249 248 248 248 248 247 246 246 247 247 247 244
 247 248 248 247 248 247 247 247 247 246 244 245 245 244 242 241
 213 216 216 216 216 216 217 218 218 219 219 218 219 218 219 217
 216 218 218 218 218 218 218 219 220 221 220 220 220 219 220 218
 217 217 181 159 161 159 159 159 160 157 158 156 157 170 218 218
 215 216  86  47  47  48  45  47  47  48  47  45  45  82 219 218
 215 215 112  79  80  77  82  79  83  82  81  76  42  83 219 219
 215 215 216 217 217 217 217 217 219 219 218 206  43  86 220 220
 215 215 197 183 190 186 187 186 189 183 184 170  41  87 221 219
 216 216  85  45  46  46  47  49  48  47  45  44  44  89 220 218
 215 214  80  42  43  43  45  45  47  46  47  48  47  95 219 218
 214 214  81  42 191 207 208 208 210 210 209 211 211 215 220 219
 215 215  80  41 151 166 163 166 164 165 165 162 163 172 219 218
 216 216  83  43  44  41  41  43  43  42  42  43  45  64 218 220
 217 218 101  57  61  64  64  64  68  64  66  69  65  90 219 218
 218 218 217 217 217 216 216 216 215 217 216 216 216 217 219 218
 218 218 219 219 219 218 218 218 218 218 218 217 219 218 219 216
 215 217 216 216 218 218 218 217 217 216 214 215 215 215 213 213
 194 197 196 197 197 196 195 196 196 197 196 197 195 195 195 193
 198 197 197 197 197 197 196 196 197 197 197 196 195 195 195 194
 197 195 159 139 142 139 138 139 139 137 137 136 137 148 195 193
 195 193  69  36  38  38  36  37  36  35  34  33  32  68 194 193
 196 194  94  64  67  65  68  65  68  68  67  62  32  69 194 194
 193 193 192 192 193 193 193 193 195 194 193 181  29  71 195 194
 193 192 172 160 167 163 164 162 166 160 161 149  29  69 196 194
 193 191  67  33  34  36  36  35  34  35  32  32  32  75 194 193
 192 191  64  32  31  31  34  33  36  35  35  35  34  78 194 193
 194 191  63  29 171 185 186 186 187 186 186 188 187 189 192 192
 193 191  62  28 131 144 141 144 141 142 142 139 140 149 191 190
 193 192  63  28  30  28  29  30  30  30  30  31  31  49 192 191
 194 193  81  42  47  49  48  49  52  49  50  53  50  74 192 191
 195 194 193 192 191 190 190 190 190 190 190 189 189 191 192 190
 195 194 193 193 194 192 193 191 191 190 190 190 191 190 191 189
 192 192 193 191 192 191 191 190 189 190 188 189 188 188 186 185

 240 241 242 242 242 243 244 244 245 246 245 246 247 247 244 241
 241 241 242 241 242 245 245 244 245 248 244 243 246 248 247 242
 240 242 186  88  89  92  95  98  99 240 193  73  98 247 247 244
 241 243 172  52  50  48  51  53  53 236 182  54  72 245 247 245
 243 243 167  52  83 228 189  52  55 237 181  53  75 244 246 245
 243 244 174  54  90 242 204  54  56 233 185  52  74 245 246 244
 242 244 173  54  88 244 201  55  53 235 185  53  72 245 247 246
 243 242 175  57  89 244 210  55  54 234 184  53  74 244 248 247
 243 243 172  56  87 242 208  54  50 231 186  52  69 244 248 247
 242 243 175  54  90 243 207  56  53 233 184  51  69 246 248 247
 242 243 173  58  83 243 207  55  50 232 187  51  71 244 248 247
 242 243 177  56  89 242 210  52  50 211 171  52  68 246 249 248
 242 244 175  55  86 242 205  51  52  50  50  52  63 246 248 247
 242 244 203  97 126 243 219  98  92  95  95  96 113 247 249 248
 241 243 243 241 241 243 242 240 243 244 243 246 247 247 249 248
 236 239 241 244 242 242 242 244 243 246 246 246 248 248 249 247
 217 218 218 218 219 220 219 218 218 219 218 220 218 218 216 213
 219 220 218 219 219 220 221 220 219 220 219 218 219 219 219 213
 218 219 170  82  83  86  87  89  95 215 172  64  90 217 218 215
 219 220 157  45  42  43  41  44  47 211 163  45  65 216 219 215
 218 220 156  45  76 206 170  44  48 211 162  43  69 216 217 215
 219 220 158  47  81 218 184  45  47 209 165  42  66 216 218 214
 219 221 157  48  82 219 183  47  46 210 165  42  64 217 218 216
 218 220 160  47  83 219 189  48  47 210 164  43  68 215 218 217
 218 219 159  47  79 217 186  49  45 208 166  43  64 216 218 217
 217 218 159  45  82 217 187  47  45 208 163  41  64 216 218 218
 216 218 159  48  77 217 186  46  43 207 166  41  64 216 218 218
 216 218 161  47  80 217 190  46  43 191 151  44  61 217 219 218
 216 218 159  47  79 217 183  45  42  42  41  43  57 217 219 216
 216 218 181  86 112 216 197  85  80  81  80  83 101 217 219 216
 216 218 217 216 215 215 215 216 214 214 215 216 218 218 218 217
 213 216 217 215 215 215 215 216 215 214 215 216 217 218 218 215
 193 194 193 193 194 194 194 193 193 192 190 191 191 190 189 185
 195 195 195 194 194 195 196 194 194 192 191 192 192 192 191 186
 195 195 148  68  69  71  69  75  78 189 149  49  74 191 190 188
 195 195 137  32  32  29  29  32  34 187 140  31  50 189 191 188
 197 196 136  33  62 181 149  32  35 188 139  31  53 189 190 189
 196 197 137  34  67 193 161  32  35 186 142  30  50 190 190 188
 197 197 137  35  68 194 160  35  35 186 142  30  49 190 190 190
 196 197 139  36  68 195 166  34  36 187 141  30  52 190 191 189
 196 196 139  37  65 193 162  35  33 186 144  30  49 190 191 190
 195 196 138  36  68 193 164  36  34 186 141  29  48 190 193 191
 196 197 139  38  65 193 163  36  31 185 144  28  49 190 192 191
 197 197 142  38  67 193 167  34  31 171 131  30  47 191 194 192
 197 197 139  36  64 192 160  33  32  29  28  28  42 192 193 191
 196 197 159  69  94 192 172  67  64  63  62  63  81 193 193 193
 197 197 195 193 194 193 192 191 191 191 191 192 193 194 194 192
 194 198 197 195 196 193 193 193 192 194 193 193 194 195 195 192

 241 242 244 245 245 244 246 247 247 247 247 248 247 248 248 247
 244 247 247 247 246 246 247 248 248 248 248 249 248 249 249 249
 247 248 247 245 244 245 245 244 244 246 244 246 246 247 247 248
 247 246  98  72  75  74  72  74  69  69  71  68  63 113 247 248
 246 243  73  54  53  52  53  53  52  51  51  52  52  96 246 246
 245 244 193 182 181 185 185 184 186 184 187 171  50  95 243 246
 246 248 240 236 237 233 235 234 231 233 232 211  50  95 244 246
 245 245  99  53  55  56  53  54  50  53  50  50  52  92 243 243
 244 244  98  53  52  54  55  55  54  56  55  52  51  98 240 244
 244 245  95  51 189 204 201 210 208 207 207 210 205 219 242 242
 243 245  92  48 228 242 244 244 242 243 243 242 242 243 243 242
 242 242  89  50  83  90  88  89  87  90  83  89  86 126 241 242
 242 241  88  52  52  54  54  57  56  54  58  56  55  97 241 244
 242 242 186 172 167 174 173 175 172 175 173 177 175 203 243 241
 241 241 242 243 243 244 244 242 243 243 243 243 244 244 243 239
 240 241 240 241 243 243 242 243 243 242 242 242 242 242 241 236
 213 213 215 215 215 214 216 217 217 218 218 218 216 216 217 215
 216 219 218 219 217 218 218 218 218 218 218 219 219 219 218 218
 218 219 217 216 216 216 217 215 216 216 216 217 217 217 218 218
 218 219  90  65  69  66  64  68  64  64  64  61  57 101 218 217
 220 218  64  45  43  42  42  43  43  41  41  44  43  83 216 216
 218 219 172 163 162 165 165 164 166 163 166 151  41  80 215 215
 219 220 215 211 211 209 210 210 208 208 207 191  42  81 214 214
 218 219  95  47  48  47  46  47  45  45  43  43  42  80 214 215
 218 220  89  44  44  45  47  48  49  47  46  46  45  85 216 216
 219 221  87  41 170 184 183 189 186 187 186 190 183 197 215 215
 220 220  86  43 206 218 219 219 217 217 217 217 217 216 215 215
 219 219  83  42  76  81  82  83  79  82  77  80  79 112 215 215
 218 219  82  45  45  47  48  47  47  45  48  47  47  86 216 215
 218 218 170 157 156 158 157 160 159 159 159 161 159 181 217 217
 218 220 219 220 220 220 221 220 219 218 218 218 218 218 218 216
 217 219 218 219 218 219 219 218 218 217 216 216 216 216 216 213
 185 186 188 188 189 188 190 189 190 191 191 192 191 193 192 192
 189 191 190 191 190 190 190 191 191 193 192 194 193 193 194 195
 190 192 191 189 189 190 190 190 190 190 190 191 192 193 194 195
 191 192  74  50  53  50  49  52  49  48  49  47  42  81 193 194
 191 192  49  31  31  30  30  30  30  29  28  30  28  63 192 193
 190 191 149 140 139 142 142 141 144 141 144 131  28  62 191 193
 192 192 189 187 188 186 186 187 186 186 185 171  29  63 191 194
 193 194  78  34  35  35  35  36  33  34  31  31  32  64 191 192
 193 194  75  32  32  32  35  34  35  36  36  34  33  67 191 193
 194 196  69  29 149 161 160 166 162 164 163 167 160 172 192 193
 194 195  71  29 181 193 194 195 193 193 193 193 192 192 193 193
 194 194  69  32  62  67  68  68  65  68  65  67  64  94 194 196
 193 194  68  32  33  34  35  36  37  36  38  38  36  69 193 195
 193 195 148 137 136 137 137 139 139 138 139 142 139 159 195 197
 194 195 195 195 196 197 197 197 196 196 197 197 197 197 197 198
 193 195 195 195 197 196 197 196 196 195 196 197 197 196 197 194

 247 249 248 248 246 246 246 243 244 242 242 242 244 241 239 236
 248 249 247 247 246 243 244 243 240 242 243 241 241 243 243 241
 248 249 247 113  96  95  95  92  98 219 243 126  97 203 244 242
 247 248 246  63  52  50  50  52  51 205 242  86  55 175 244 242
 248 249 246  68  52 171 211  50  52 210 242  89  56 177 243 242
 247 248 244  71  51 187 232  50  55 207 243  83  58 173 243 242
 247 248 246  69  51 184 233  53  56 207 243  90  54 175 243 242
 247 248 244  69  52 186 231  50  54 208 242  87  56 172 243 243
 247 248 244  74  53 184 234  54  55 210 244  89  57 175 242 243
 246 247 245  72  53 185 235  53  55 201 244  88  54 173 244 242
 244 246 245  74  52 185 233  56  54 204 242  90  54 174 244 243
 245 246 244  75  53 181 237  55  52 189 228  83  52 167 243 243
 245 247 245  72  54 182 236  53  53  51  48  50  52 172 243 241
 244 247 247  98  73 193 240  99  98  95  92  89  88 186 242 240
 242 247 248 246 243 244 248 245 244 245 245 242 241 242 241 241
 241 244 247 247 246 245 246 245 244 244 243 242 242 242 241 240
 215 218 218 217 216 215 214 215 216 215 215 215 215 217 216 213
 217 218 218 218 216 215 214 214 216 215 215 215 216 217 218 216
 216 219 217 101  83  80  81  80  85 197 216 112  86 181 218 216
 216 219 217  57  43  41  42  42  45 183 217  79  47 159 218 216
 218 219 217  61  44 151 191  43  46 190 217  80  47 161 218 216
 218 218 216  64  41 166 207  43  46 186 217  77  48 159 218 216
 218 218 216  64  41 163 208  45  47 187 217  82  45 159 218 217
 217 218 216  64  43 166 208  45  49 186 217  79  47 159 219 218
 217 218 215  68  43 164 210  47  48 189 219  83  47 160 220 218
 216 218 217  64  42 165 210  46  47 183 219  82  48 157 221 219
 214 218 216  66  42 165 209  47  45 184 218  81  47 158 220 219
 215 217 216  69  43 162 211  48  44 170 206  76  45 156 220 218
 215 219 216  65  45 163 211  47  44  41  43  42  45 157 220 219
 215 218 217  90  64 172 215  95  89  87  86  83  82 170 219 218
 213 219 219 219 218 219 220 219 220 221 220 219 219 218 220 219
 213 216 218 218 220 218 219 218 218 219 220 219 218 218 218 217
 192 195 195 194 193 193 194 192 193 193 193 196 195 197 198 194
 192 194 194 193 192 191 191 191 191 192 193 194 193 195 197 197
 193 193 193  81  63  62  63  64  67 172 192  94  69 159 197 196
 191 193 192  42  28  28  29  32  33 160 192  64  36 139 197 197
 192 194 191  47  30 131 171  31  34 167 193  67  38 142 197 197
 191 192 190  49  28 144 185  31  36 163 193  65  38 139 197 196
 191 193 190  48  29 141 186  34  36 164 193  68  36 138 196 195
 190 191 190  49  30 144 186  33  35 162 193  65  37 139 196 196
 189 191 190  52  30 141 187  36  34 166 195  68  36 139 197 196
 190 190 190  49  30 142 186  35  35 160 194  68  35 137 197 197
 188 190 190  50  30 142 186  35  32 161 193  67  34 137 197 196
 189 190 189  53  31 139 188  35  32 149 181  62  33 136 196 197
 188 191 189  50  31 140 187  34  32  29  29  32  32 137 195 195
 188 190 191  74  49 149 189  78  75  69  71  69  68 148 195 195
 186 191 192 192 192 191 192 194 194 196 195 194 194 195 195 195
 185 189 190 191 191 190 192 193 193 194 194 194 193 193 194 193

